MinName	Cy-A	Cy-B	Cy-C	Eu- A	Eu- B	Eu- C
Firmicutes; Clostridia	0.570387133	0.321425766	0.19365319	0.40768064	0.356561421	0.127061887
Bacteroidetes; Bacteroidia	0.028438177	0.050720425	0.543355778	0.440457805	0.293893548	0.566256709
Proteobacteria; Gammaproteobacteria	0.057782439	0.012680106	0.006322655	0.000951462	0.001288165	0.000196705
Proteobacteria; Deltaproteobacteria	0.160073407	0.180797574	0.090902503	0.049889686	0.054678507	0.165428676
Firmicutes; Bacilli	0.008628501	0.064413997	0.00815242	0.003419746	0.000465932	0.000580747
Unclassified Bacteria	0.006365589	0.178566378	0.055484767	0.000206839	0.000479636	6.55682E-05
Synergistetes; Synergistia	0.062855592	0.152530522	0.040568858	0.032129068	0.03931645	0.080264896
Spirochaetes; Spirochaetes	0.026221259	0.004305265	0.01594251	0.005501931	0.00892123	0.003812325
Parvarchaeota; Parvarchaea	0	0	0	0	0	0
Thermotogae; Thermotogae	0.059327842	0.031401725	0.033763097	0.058921677	0.23917393	0.055789207
Proteobacteria; Alphaproteobacteria	3.67953E-05	0	0	2.75786E-05	0	0
WWE1; Cloacamonae	0	0	0.001382892	0	0	0
Bacteroidetes; Flavobacteriia	0	0	0	0	0	0
Fusobacteria; Fusobacteriia	0.001582198	0.000102132	0.002729551	0.000703254	0.00024667	0.000168604
Chloroflexi; Dehalococcoidetes	0	0	0	0	0	0
Planctomycetes; Planctomycetia	3.21959E-05	7.07069E-05	0.000247592	0	0	0
Chloroflexi; Anaerolineae	0.000128784	0	0.000658232	0	0	0
OP3; BD4-9	0	0	0	0	0	0
Euryarchaeota; Thermoplasmata	0	0	0	0	0	0
OP3; koll11	0	0	0	0	0	0
WS3; PRR-12	1.37982E-05	0	0	0	0	0
Planctomycetes; Phycisphaerae	0.013664859	0.000872052	0.000634077	0	0	0
Tenericutes; Mollicutes	0	0.000282828	0.004794831	0	0	0
SAR406; AB16	0	0	0	0	0	0
Verrucomicrobia; Verruco-5	0	0	0	0	0	0
Planctomycetes; 	0	0	0	0	0	0
Crenarchaeota; MCG	0	0	0	0	0	0
Parvarchaeota; Micrarchaea	0	0	0	0	0	0
Actinobacteria; Acidimicrobiia	0	0	0	0	0	0
Bacteroidetes; Saprospirae	0	0	0	0	0	0
Other	0.004461432	0.001830523	0.001407047	0.000110314	0.004974511	0.000374676